
══ 难度公式取证：结构批量 B vs 真引擎点击数（语料 32 盘）
dir	dims	N	C	A	M	M/N	blobs	B_mean	B_med	B_max	taps_ok	taps_all	clear	peak	T_v0.1	v0.1隐含s/tap
temp/beads-out-skew	12x12	42	3	0.00	42	1.00	31	1.35	1	2	108	108	Y	2	420	3.89
temp/diffv02-17x15	16x15	105	3	0.95	105	1.00	12	8.75	13	15	66	66	Y	12	420	6.36
temp/beads-out-v2	12x12	108	4	0.58	108	1.00	14	7.71	8	12	74	74	Y	12	420	5.68
temp/beads-out-skew2	12x12	144	4	0.42	144	1.00	16	9.00	1	61	174	174	Y	12	420	2.41
temp/beads-out-skew3	12x12	144	2	0.95	144	1.00	2	72.00	72	72	36	36	Y	12	420	11.67
temp/cmp-small14	14x14	179	7	0.70	24	0.13	6	4.00	3	8	22	22	Y	8	420	19.09
temp/cmp-small16	16x16	237	6	0.79	24	0.10	6	4.00	3	9	24	24	Y	7	420	17.50
temp/beads-heart	36x36	247	3	0.95	247	1.00	3	82.33	123	123	80	80	Y	12	420	5.25
temp/cmp-small18	18x18	298	8	0.70	24	0.08	4	6.00	8	11	16	16	Y	8	420	26.25
temp/cmp-circle	29x29	633	8	0.74	16	0.03	2	8.00	8	8	6	6	Y	8	420	70.00
temp/cmp-hex	29x29	697	8	0.75	16	0.02	2	8.00	8	8	6	6	Y	8	420	70.00
temp/cmp-standard29	29x29	778	8	0.78	24	0.03	2	12.00	12	12	6	6	Y	12	420	70.00
temp/beads-36	36x36	1008	4	0.56	1008	1.00	28	36.00	36	36	210	210	Y	12	420	2.00
temp/beads-36-img1	36x36	1122	6	0.71	1122	1.00	61	18.39	2	350	921	921	Y	12	420	0.46
temp/cmp-p10	36x36	1176	9	0.78	1176	1.00	45	26.13	13	162	852	852	Y	12	420	0.49
temp/cmp-p10c8e	36x36	1176	8	0.78	1176	1.00	41	28.68	15	205	754	754	Y	12	420	0.56
temp/cmp-p10c8f	36x36	1176	8	0.79	1176	1.00	42	28.00	16	174	763	763	Y	12	420	0.55
temp/ok-p10c6e	36x36	1176	6	0.83	1176	1.00	32	36.75	20	234	636	636	Y	12	420	0.66
temp/ok-p10c8e	36x36	1176	8	0.81	1176	1.00	35	33.60	17	209	660	660	Y	12	420	0.64
temp/ok-p10c8e3	36x36	1176	8	0.82	1176	1.00	33	35.64	17	226	636	636	Y	12	420	0.66
temp/beads-36-c0	36x36	1177	7	0.85	1177	1.00	21	56.05	28	391	665	665	Y	12	420	0.63
temp/beads-36-c3	36x36	1177	4	0.91	1177	1.00	9	130.78	133	410	472	472	Y	12	420	0.89
temp/beads-36-c3b	36x36	1177	3	0.91	1177	1.00	7	168.14	170	410	453	453	Y	12	420	0.93
temp/beads-36-c4	36x36	1177	5	0.88	1177	1.00	11	107.00	59	460	500	500	Y	12	420	0.84
temp/beads-36-c4b	36x36	1177	4	0.88	1177	1.00	9	130.78	64	460	512	512	Y	12	420	0.82
temp/beads-36-c5	36x36	1177	5	0.87	1177	1.00	14	84.07	40	392	577	577	Y	12	420	0.73
temp/beads-36-c6	36x36	1177	6	0.86	1177	1.00	17	69.24	35	379	635	635	Y	12	420	0.66
temp/beads-36-v3	36x36	1177	7	0.88	1177	1.00	17	69.24	29	445	548	548	Y	12	420	0.77
temp/beads-36-v4	36x36	1177	7	0.90	1177	1.00	13	90.54	33	526	551	551	Y	12	420	0.76
temp/bp8c6e	36x36	1177	6	0.85	1177	1.00	17	69.24	29	405	621	621	Y	12	420	0.68
temp/beads-36-base	36x36	1211	7	0.77	1211	1.00	27	44.85	20	407	736	736	Y	12	420	0.57
temp/beads-48	48x48	1824	4	0.57	1824	1.00	58	31.45	43	48	532	532	Y	12	420	0.79

── 模型对比（bot 通关 32/32 盘；目标量 = taps_ok）
v0.1 触顶盘数：32/32（clamp 掉全部区分度）
model	中位比值	中位相对误差	max相对误差
P5 2×M/6（固定批量）	0.62	0.38	0.87
P3 2×M/min(12,B_med)	0.39	0.63	0.77
P1 2×M/min(12,B_mean)	0.38	0.64	0.82
P4 blobs+M/12	0.22	0.79	0.84
v0.1 按颗（M）	1.85	0.85	3.80
P2 2×blobs	0.11	0.89	0.97

── S 候选（秒/次点击）下 v0.2 时长分布（模型 = P5 2×M/6（固定批量））
S	min	中位	max	触顶盘	触底盘
2	120	420	420	20	11
3	120	420	420	20	9
4	120	420	420	20	7
5	120	420	420	21	7
6	120	420	420	21	7
8	120	420	420	21	7
11.25	120	420	420	23	4

── 倒计时可行性（人类速率 1.5–3 s/tap，取 taps_ok 下界）
dir	taps_ok	最快s	最慢s	T_MAX内可通关
temp/beads-out-skew	108	162	324	Y
temp/diffv02-17x15	66	99	198	Y
temp/beads-out-v2	74	111	222	Y
temp/beads-out-skew2	174	261	522	Y
temp/beads-out-skew3	36	54	108	Y
temp/cmp-small14	22	33	66	Y
temp/cmp-small16	24	36	72	Y
temp/beads-heart	80	120	240	Y
temp/cmp-small18	16	24	48	Y
temp/cmp-circle	6	9	18	Y
temp/cmp-hex	6	9	18	Y
temp/cmp-standard29	6	9	18	Y
temp/beads-36	210	315	630	Y
temp/beads-36-img1	921	1382	2763	N
temp/cmp-p10	852	1278	2556	N
temp/cmp-p10c8e	754	1131	2262	N
temp/cmp-p10c8f	763	1145	2289	N
temp/ok-p10c6e	636	954	1908	N
temp/ok-p10c8e	660	990	1980	N
temp/ok-p10c8e3	636	954	1908	N
temp/beads-36-c0	665	998	1995	N
temp/beads-36-c3	472	708	1416	N
temp/beads-36-c3b	453	680	1359	N
temp/beads-36-c4	500	750	1500	N
temp/beads-36-c4b	512	768	1536	N
temp/beads-36-c5	577	866	1731	N
temp/beads-36-c6	635	953	1905	N
temp/beads-36-v3	548	822	1644	N
temp/beads-36-v4	551	827	1653	N
temp/bp8c6e	621	932	1863	N
temp/beads-36-base	736	1104	2208	N
temp/beads-48	532	798	1596	N
不可通关盘（最快估也超 420s）：19/32
